时间		开盘		最高		最低		收盘		涨幅		振幅		总手		金额		换手%		成交次数		
2023-08-23,三	18.63		21.99		17.77		17.90		+70.48%		40.19%		19,873,832	380,829,630	0		0		
2023-08-24,四	15.88		16.30		13.80		13.94		-22.12%		13.97%		13,250,197	199,325,970	0		0		
2023-08-25,五	13.39		13.50		11.90		11.90		-14.63%		11.48%		9,022,898	114,239,057	0		0		
2023-08-28,一	13.00		14.28		12.28		12.61		+5.97%		16.81%		9,298,252	123,786,718	0		0		
2023-08-29,二	12.10		13.63		11.81		13.33		+5.71%		14.43%		5,834,377	74,814,581	0		0		
2023-08-30,三	13.20		13.80		12.82		12.97		-2.70%		7.35%		4,711,495	62,372,243	0		0		
2023-08-31,四	13.17		15.33		13.06		14.85		+14.49%		17.50%		8,249,910	116,984,659	0		0		
2023-09-01,五	14.56		15.00		13.91		14.90		+0.34%		7.34%		6,761,747	97,931,047	0		0		
2023-09-04,一	15.32		16.50		14.55		14.66		-1.61%		13.09%		7,311,196	114,007,837	0		0		
2023-09-05,二	14.20		14.33		13.51		13.52		-7.78%		5.59%		4,988,695	69,166,111	0		0		
2023-09-06,三	13.38		13.82		13.34		13.61		+0.67%		3.55%		3,403,264	46,134,084	0		0		
2023-09-07,四	13.65		13.97		13.14		13.22		-2.87%		6.10%		3,114,083	42,203,371	0		0		
2023-09-08,五	13.25		13.28		12.50		12.86		-2.72%		5.90%		2,884,627	36,836,577	0		0		
2023-09-11,一	12.88		12.95		12.52		12.73		-1.01%		3.34%		1,960,474	24,798,123	0		0		
2023-09-12,二	12.70		12.73		12.44		12.48		-1.96%		2.28%		1,566,238	19,664,407	0		0		
2023-09-13,三	12.52		13.45		12.41		13.23		+6.01%		8.33%		4,185,441	54,465,026	0		0		
2023-09-14,四	12.91		13.09		12.46		12.52		-5.37%		4.76%		2,716,020	34,599,671	0		0		
2023-09-15,五	12.56		12.87		12.10		12.75		+1.84%		6.15%		2,536,200	31,503,129	0		0		
2023-09-18,一	12.57		12.93		12.51		12.64		-0.86%		3.29%		1,028,936	13,074,356	0		0		
2023-09-19,二	12.60		12.60		12.06		12.16		-3.80%		4.27%		2,332,556	28,544,788	0		0		
2023-09-20,三	12.16		12.25		11.91		11.92		-1.97%		2.80%		1,287,261	15,526,046	0		0		
2023-09-21,四	11.89		12.03		11.82		11.91		-0.08%		1.76%		779,149		9,293,100	0		0		
2023-09-22,五	11.98		12.40		11.83		12.26		+2.94%		4.79%		1,603,253	19,536,376	0		0		
2023-09-25,一	12.30		12.30		11.80		11.86		-3.26%		4.08%		1,317,556	15,752,938	0		0		
2023-09-26,二	11.80		12.32		11.77		11.97		+0.93%		4.64%		1,419,510	17,100,686	0		0		
2023-09-27,三	11.96		12.17		11.78		11.98		+0.08%		3.26%		2,117,529	25,277,361	0		0		
2023-09-28,四	12.21		12.69		12.20		12.56		+4.84%		4.09%		3,421,201	42,489,236	0		0		
2023-10-09,一	12.58		12.85		12.35		12.43		-1.04%		3.98%		1,713,479	21,456,285	0		0		
2023-10-10,二	12.40		12.47		12.00		12.07		-2.90%		3.78%		1,716,852	20,857,082	0		0		
2023-10-11,三	12.01		12.12		11.91		12.00		-0.58%		1.74%		988,429		11,873,466	0		0		
2023-10-12,四	12.00		12.03		11.80		11.82		-1.50%		1.92%		1,082,296	12,866,908	0		0		
2023-10-13,五	11.78		11.79		11.18		11.22		-5.08%		5.16%		2,170,842	24,761,268	0		0		
2023-10-16,一	11.22		11.22		10.76		10.80		-3.74%		4.10%		1,549,149	16,871,695	0		0		
2023-10-17,二	10.78		10.87		10.60		10.68		-1.11%		2.50%		774,176		8,289,251	0		0		
2023-10-18,三	10.61		10.61		10.00		10.16		-4.87%		5.71%		1,370,382	14,070,754	0		0		
2023-10-19,四	10.16		10.37		10.07		10.07		-0.89%		2.95%		578,821		5,921,635	0		0		
2023-10-20,五	10.08		10.18		9.89		9.92		-1.49%		2.88%		597,326		5,968,872	0		0		
2023-10-23,一	9.88		9.93		9.48		9.53		-3.93%		4.54%		763,014		7,367,727	0		0		
2023-10-24,二	9.61		9.88		9.53		9.76		+2.41%		3.67%		662,068		6,429,843	0		0		
2023-10-25,三	9.88		10.26		9.78		10.12		+3.69%		4.92%		1,260,116	12,585,051	0		0		
2023-10-26,四	10.06		10.06		9.80		9.88		-2.37%		2.57%		677,192		6,694,892	0		0		
2023-10-27,五	9.94		10.77		9.78		10.45		+5.77%		10.02%		1,982,532	20,438,266	0		0		
2023-10-30,一	10.45		10.95		10.35		10.72		+2.58%		5.74%		1,415,637	15,122,134	0		0		
2023-10-31,二	10.62		10.85		10.31		10.37		-3.26%		5.04%		1,487,733	15,670,577	0		0		
2023-11-01,三	10.20		10.41		10.01		10.05		-3.09%		3.86%		1,152,544	11,754,536	0		0		
2023-11-02,四	10.00		10.15		9.88		9.88		-1.69%		2.69%		991,431		9,942,036	0		0		
2023-11-03,五	9.89		10.34		9.89		10.21		+3.34%		4.55%		997,003		10,160,658	0		0		
2023-11-06,一	10.21		11.80		10.15		11.16		+9.30%		16.16%		3,696,637	40,786,761	0		0		
2023-11-07,二	10.90		11.75		10.81		11.42		+2.33%		8.42%		2,584,668	29,339,377	0		0		
2023-11-08,三	11.23		11.80		11.16		11.48		+0.53%		5.60%		2,700,614	31,229,223	0		0		
2023-11-09,四	11.50		11.65		11.17		11.18		-2.61%		4.18%		1,768,179	20,149,101	0		0		
2023-11-10,五	11.26		11.26		10.93		11.00		-1.61%		2.95%		1,342,793	14,771,272	0		0		
2023-11-13,一	11.05		11.70		10.95		11.63		+5.73%		6.82%		2,314,184	26,409,799	0		0		
2023-11-14,二	11.70		14.08		11.38		13.31		+14.45%		23.22%		7,771,620	100,838,060	0		0		
2023-11-15,三	12.81		13.30		12.60		12.60		-5.33%		5.26%		4,626,118	59,485,977	0		0		
2023-11-16,四	12.50		12.78		12.16		12.17		-3.41%		4.92%		3,258,743	40,382,128	0		0		
2023-11-17,五	12.27		13.22		12.22		12.92		+6.16%		8.22%		3,861,422	49,563,986	0		0		
2023-11-20,一	13.20		13.75		12.69		13.22		+2.32%		8.20%		3,817,851	50,593,697	0		0		
2023-11-21,二	13.12		15.20		13.11		13.74		+3.93%		15.81%		7,244,370	102,064,951	0		0		
2023-11-22,三	13.39		16.47		13.35		16.28		+18.49%		22.71%		9,323,201	140,177,860	0		0		
2023-11-23,四	15.99		17.48		14.52		14.89		-8.54%		18.18%		8,615,003	136,263,600	0		0		
2023-11-24,五	14.68		16.88		14.61		16.34		+9.74%		15.25%		7,368,811	116,802,386	0		0		
2023-11-27,一	17.00		18.88		16.56		18.40		+12.61%		14.20%		8,721,169	153,228,170	0		0		
2023-11-28,二	17.00		19.30		16.63		17.30		-5.98%		14.51%		6,456,486	113,784,962	0		0		
2023-11-29,三	17.30		17.99		15.26		15.36		-11.21%		15.78%		4,839,410	79,933,700	0		0		
2023-11-30,四	15.33		15.92		14.62		14.97		-2.54%		8.46%		3,193,787	48,517,635	0		0		
2023-12-01,五	15.08		15.45		14.21		14.42		-3.67%		8.28%		2,648,091	38,773,301	0		0		
2023-12-04,一	14.40		15.95		14.10		15.10		+4.72%		12.83%		3,508,051	53,342,211	0		0		
2023-12-05,二	14.66		16.68		14.63		16.30		+7.95%		13.58%		4,976,387	78,964,492	0		0		
2023-12-06,三	16.01		16.93		15.60		15.79		-3.13%		8.16%		3,301,778	53,376,356	0		0		
2023-12-07,四	15.68		18.38		15.68		17.50		+10.83%		17.10%		6,995,919	122,090,743	0		0		
2023-12-08,五	17.50		19.90		16.81		17.75		+1.43%		17.66%		6,724,784	124,048,443	0		0		
2023-12-11,一	17.78		19.30		16.36		18.36		+3.44%		16.56%		6,132,989	109,022,858	0		0		
2023-12-12,二	18.02		19.52		17.70		19.30		+5.12%		9.91%		5,935,874	112,053,181	0		0		
2023-12-13,三	19.25		20.41		18.42		19.69		+2.02%		10.31%		6,318,396	122,688,469	0		0		
2023-12-14,四	19.48		20.15		17.88		17.99		-8.63%		11.53%		7,062,967	135,418,150	0		0		
2023-12-15,五	17.79		18.59		17.70		18.25		+1.45%		4.95%		3,520,069	64,214,230	0		0		
2023-12-18,一	18.67		19.67		18.38		19.29		+5.70%		7.07%		4,127,105	79,071,891	0		0		
2023-12-19,二	19.09		19.92		18.75		19.46		+0.88%		6.07%		3,220,539	62,322,500	0		0		
2023-12-20,三	19.20		20.60		19.10		20.00		+2.77%		7.71%		4,150,749	82,334,835	0		0		
2023-12-21,四	20.00		20.89		16.66		17.12		-14.40%		21.15%		4,933,306	92,465,021	0		0		
2023-12-22,五	17.10		17.85		16.90		17.64		+3.04%		5.55%		2,591,667	45,080,353	0		0		
2023-12-25,一	17.85		18.48		17.52		18.48		+4.76%		5.44%		2,324,835	42,027,506	0		0		
2023-12-26,二	18.48		18.58		16.98		17.93		-2.98%		8.66%		3,321,336	59,542,974	0		0		
2023-12-27,三	17.79		18.87		17.48		18.30		+2.06%		7.75%		2,737,797	50,223,748	0		0		
2023-12-28,四	18.10		18.66		17.75		18.36		+0.33%		4.97%		2,369,789	43,211,877	0		0		
2023-12-29,五	18.07		19.10		18.00		18.98		+3.38%		5.99%		3,051,600	57,353,903	0		0		
2024-01-02,二	19.00		20.20		18.58		19.75		+4.06%		8.54%		3,479,578	67,960,194	0		0		
2024-01-03,三	19.70		20.39		19.13		20.05		+1.52%		6.38%		3,097,632	61,518,416	0		0		
2024-01-04,四	20.10		20.55		19.00		19.99		-0.30%		7.73%		3,149,063	62,561,016	0		0		
2024-01-05,五	19.83		21.88		19.04		19.95		-0.20%		14.21%		6,018,097	123,088,623	0		0		
2024-01-08,一	19.49		19.78		18.08		18.08		-9.37%		8.52%		3,463,335	65,718,489	0		0		
2024-01-09,二	18.45		18.49		16.53		17.00		-5.97%		10.84%		3,514,866	61,021,414	0		0		
2024-01-10,三	17.10		17.27		16.38		17.00		+0.00%		5.24%		2,054,434	34,648,930	0		0		
2024-01-11,四	17.15		19.58		16.88		18.91		+11.24%		15.88%		5,247,589	97,659,529	0		0		
2024-01-12,五	18.22		18.39		16.01		16.05		-15.12%		12.59%		4,723,043	81,744,367	0		0		
2024-01-15,一	15.80		16.46		15.40		15.81		-1.50%		6.60%		2,183,421	34,617,879	0		0		
2024-01-16,二	16.00		16.96		15.14		16.83		+6.45%		11.51%		3,324,066	53,762,056	0		0		
2024-01-17,三	16.48		18.05		16.40		16.90		+0.42%		9.80%		3,614,078	62,751,038	0		0		
2024-01-18,四	16.78		18.37		16.14		17.98		+6.39%		13.20%		3,451,828	60,373,923	0		0		
2024-01-19,五	18.20		18.58		17.62		18.16		+1.00%		5.34%		3,293,331	59,618,032	0		0		
2024-01-22,一	18.08		18.08		16.88		17.14		-5.62%		6.61%		2,144,298	37,560,516	0		0		
2024-01-23,二	16.91		17.88		16.90		17.79		+3.79%		5.72%		2,020,209	35,528,442	0		0		
2024-01-24,三	17.66		18.01		16.50		17.80		+0.06%		8.49%		2,445,480	42,246,093	0		0		
2024-01-25,四	17.53		17.88		16.69		16.78		-5.73%		6.69%		2,341,331	40,352,211	0		0		
2024-01-26,五	16.75		17.50		16.35		16.37		-2.44%		6.85%		1,675,604	28,356,928	0		0		
2024-01-29,一	16.70		16.70		14.10		14.52		-11.30%		15.88%		2,077,364	31,842,739	0		0		
2024-01-30,二	14.30		14.89		13.90		14.33		-1.31%		6.82%		1,116,797	16,071,070	0		0		
2024-01-31,三	14.41		15.08		14.14		14.51		+1.26%		6.56%		1,458,094	21,284,949	0		0		
2024-02-01,四	14.14		14.55		13.50		13.59		-6.34%		7.24%		1,330,647	18,674,783	0		0		
2024-02-02,五	13.70		13.70		12.21		12.65		-6.92%		10.96%		1,990,893	25,657,722	0		0		
2024-02-05,一	12.40		12.86		11.22		12.41		-1.90%		12.96%		1,528,750	18,532,478	0		0		
2024-02-06,二	12.31		13.50		12.07		13.49		+8.70%		11.52%		2,078,509	27,264,392	0		0		
2024-02-07,三	13.47		14.46		13.38		13.79		+2.22%		8.01%		2,640,180	36,856,576	0		0		
2024-02-08,四	13.80		13.95		12.30		13.61		-1.31%		11.97%		1,790,823	23,930,026	0		0		
2024-02-19,一	13.85		14.63		13.83		14.39		+5.73%		5.88%		2,196,874	31,396,847	0		0		
2024-02-20,二	14.44		15.25		14.04		14.93		+3.75%		8.41%		2,498,945	36,830,853	0		0		
2024-02-21,三	14.66		15.35		14.40		14.63		-2.01%		6.36%		2,199,861	32,725,784	0		0		
2024-02-22,四	14.79		15.15		14.50		14.60		-0.21%		4.44%		1,697,664	25,055,336	0		0		
2024-02-23,五	14.60		14.75		14.30		14.64		+0.27%		3.08%		1,892,922	27,474,202	0		0		
2024-02-26,一	14.52		14.80		14.16		14.52		-0.82%		4.37%		1,461,920	21,196,223	0		0		
2024-02-27,二	14.40		15.63		14.32		15.63		+7.64%		9.02%		2,838,475	42,789,043	0		0		
2024-02-28,三	15.80		16.48		14.55		14.61		-6.53%		12.35%		3,061,469	47,978,285	0		0		
2024-02-29,四	14.60		15.35		14.58		15.19		+3.97%		5.27%		2,240,363	33,504,154	0		0		
2024-03-01,五	15.34		15.66		14.93		15.55		+2.37%		4.81%		2,336,053	35,569,592	0		0		
2024-03-04,一	15.95		17.39		15.61		16.01		+2.96%		11.45%		4,430,116	72,880,711	0		0		
2024-03-05,二	15.58		15.69		15.00		15.00		-6.31%		4.31%		2,953,098	45,001,875	0		0		
2024-03-06,三	14.90		15.35		14.90		15.01		+0.07%		3.00%		1,726,952	26,115,272	0		0		
2024-03-07,四	15.15		15.36		14.44		14.51		-3.33%		6.13%		1,756,186	26,334,124	0		0		
2024-03-08,五	14.51		14.74		14.22		14.65		+0.96%		3.58%		1,091,958	15,781,593	0		0		
2024-03-11,一	14.51		14.95		14.28		14.82		+1.16%		4.57%		1,133,996	16,573,534	0		0		
2024-03-12,二	14.90		15.05		14.65		14.82		+0.00%		2.70%		900,991		13,344,225	0		0		
2024-03-13,三	14.90		16.26		14.90		15.16		+2.29%		9.18%		3,661,351	57,413,608	0		0		
2024-03-14,四	14.80		14.95		14.31		14.44		-4.75%		4.22%		2,864,117	41,804,111	0		0		
2024-03-15,五	14.42		16.63		14.33		15.40		+6.65%		15.93%		4,533,456	70,649,240	0		0		
2024-03-18,一	15.05		15.98		14.82		15.60		+1.30%		7.53%		3,325,194	51,009,917	0		0		
2024-03-19,二	15.54		15.74		15.25		15.28		-2.05%		3.14%		1,456,418	22,431,443	0		0		
2024-03-20,三	15.14		15.36		14.86		15.29		+0.07%		3.27%		1,613,034	24,464,964	0		0		
2024-03-21,四	15.32		15.39		14.83		14.84		-2.94%		3.66%		1,462,077	22,020,011	0		0		
2024-03-22,五	14.70		15.04		14.53		14.64		-1.35%		3.44%		1,620,749	23,855,745	0		0		
2024-03-25,一	14.51		14.64		13.92		13.92		-4.92%		4.92%		1,150,231	16,551,537	0		0		
2024-03-26,二	13.95		14.00		13.21		13.40		-3.74%		5.68%		1,114,813	15,040,973	0		0		
2024-03-27,三	13.33		13.97		13.30		13.30		-0.75%		5.00%		1,012,439	13,841,982	0		0		
2024-03-28,四	13.29		13.75		13.22		13.51		+1.58%		3.98%		735,110		9,916,882	0		0		
2024-03-29,五	13.43		13.80		13.42		13.61		+0.74%		2.81%		615,639		8,367,452	0		0		
2024-04-01,一	13.58		13.82		13.52		13.78		+1.25%		2.20%		765,716		10,472,956	0		0		
2024-04-02,二	13.76		14.38		13.76		13.92		+1.02%		4.50%		1,195,614	16,856,394	0		0		
2024-04-03,三	13.83		14.00		13.51		13.58		-2.44%		3.52%		826,969		11,300,952	0		0		
2024-04-08,一	13.53		13.58		12.70		12.72		-6.33%		6.48%		840,515		10,981,315	0		0		
2024-04-09,二	12.85		13.08		12.75		13.01		+2.28%		2.59%		560,257		7,242,429	0		0		
2024-04-10,三	12.90		13.65		12.79		13.27		+2.00%		6.61%		1,424,250	19,086,456	0		0		
2024-04-11,四	13.45		13.45		12.98		13.04		-1.73%		3.54%		582,745		7,634,314	0		0		
2024-04-12,五	12.96		13.15		12.66		12.77		-2.07%		3.76%		666,037		8,582,577	0		0		
2024-04-15,一	12.71		12.90		12.10		12.30		-3.68%		6.26%		754,085		9,403,051	0		0		
2024-04-16,二	12.19		12.29		11.23		11.28		-8.29%		8.62%		800,626		9,189,712	0		0		
2024-04-17,三	11.49		12.28		11.49		12.08		+7.09%		7.00%		841,331		10,047,994	0		0		
2024-04-18,四	12.00		12.50		11.88		12.12		+0.33%		5.13%		665,755		8,168,830	0		0		
2024-04-19,五	12.11		12.20		11.71		11.87		-2.06%		4.04%		687,570		8,231,339	0		0		
2024-04-22,一	11.87		12.10		11.72		11.91		+0.34%		3.20%		418,995		4,993,758	0		0		
2024-04-23,二	12.05		12.38		11.88		12.26		+2.94%		4.20%		700,348		8,508,716	0		0		
2024-04-24,三	12.20		12.49		12.18		12.37		+0.90%		2.53%		621,326		7,680,033	0		0		
2024-04-25,四	12.32		12.36		12.00		12.01		-2.91%		2.91%		693,453		8,405,233	0		0		
2024-04-26,五	12.13		13.17		12.01		12.77		+6.33%		9.66%		1,740,111	21,966,426	0		0		
2024-04-29,一	12.94		13.35		12.60		12.89		+0.94%		5.87%		2,080,512	26,936,171	0		0		
2024-04-30,二	12.98		13.02		12.56		12.69		-1.55%		3.57%		745,847		9,576,136	0		0		
2024-05-06,一	12.99		13.00		12.72		12.80		+0.87%		2.21%		698,830		8,962,341	0		0		
2024-05-07,二	12.80		13.02		12.72		12.88		+0.63%		2.34%		860,249		11,092,972	0		0		
2024-05-08,三	12.63		12.88		12.55		12.56		-2.48%		2.56%		672,167		8,515,205	0		0		
2024-05-09,四	12.68		12.78		12.58		12.66		+0.80%		1.59%		569,596		7,219,499	0		0		
2024-05-10,五	12.72		12.72		12.38		12.44		-1.74%		2.69%		516,124		6,447,242	0		0		
2024-05-13,一	12.35		12.49		12.18		12.22		-1.77%		2.49%		326,118		3,999,466	0		0		
2024-05-14,二	12.35		12.68		12.21		12.51		+2.37%		3.85%		476,318		5,912,670	0		0		
2024-05-15,三	12.40		12.45		12.06		12.10		-3.28%		3.12%		525,213		6,443,952	0		0		
2024-05-16,四	12.10		12.27		12.07		12.07		-0.25%		1.65%		389,777		4,725,600	0		0		
2024-05-17,五	12.07		12.24		12.07		12.19		+0.99%		1.41%		239,611		2,914,021	0		0		
2024-05-20,一	12.26		12.35		12.16		12.22		+0.25%		1.56%		302,139		3,705,004	0		0		
2024-05-21,二	12.12		12.21		11.95		11.99		-1.88%		2.13%		294,357		3,561,910	0		0		
2024-05-22,三	11.99		12.17		11.95		12.15		+1.33%		1.83%		321,864		3,884,844	0		0		
2024-05-23,四	12.18		12.95		12.06		12.62		+3.87%		7.33%		1,427,432	18,047,246	0		0		
2024-05-24,五	12.50		12.70		12.18		12.20		-3.33%		4.12%		614,143		7,639,144	0		0		
2024-05-27,一	12.20		12.22		12.02		12.16		-0.33%		1.64%		397,553		4,812,323	0		0		
2024-05-28,二	12.15		12.48		12.04		12.42		+2.14%		3.62%		541,368		6,645,002	0		0		
2024-05-29,三	12.38		12.42		12.11		12.23		-1.53%		2.50%		366,021		4,492,443	0		0		
2024-05-30,四	12.16		12.17		11.93		11.99		-1.96%		1.96%		410,891		4,936,824	0		0		
2024-05-31,五	12.04		12.17		11.98		12.05		+0.50%		1.58%		419,974		5,064,494	0		0		
2024-06-03,一	12.01		12.13		11.81		11.87		-1.49%		2.66%		448,873		5,355,941	0		0		
2024-06-04,二	11.92		11.93		11.60		11.68		-1.60%		2.78%		334,816		3,927,599	0		0		
2024-06-05,三	11.62		11.75		11.55		11.61		-0.60%		1.71%		262,166		3,046,689	0		0		
2024-06-06,四	11.60		11.68		11.20		11.24		-3.19%		4.13%		586,119		6,662,524	0		0		
2024-06-07,五	11.36		11.66		11.25		11.40		+1.42%		3.65%		331,650		3,787,710	0		0		
2024-06-11,二	11.40		11.50		11.01		11.49		+0.79%		4.30%		216,094		2,460,313	0		0		
2024-06-12,三	11.43		11.83		11.36		11.68		+1.65%		4.09%		296,195		3,434,393	0		0		
2024-06-13,四	11.73		11.85		11.50		11.67		-0.09%		3.00%		367,694		4,283,152	0		0		
2024-06-14,五	11.61		11.97		11.60		11.93		+2.23%		3.17%		473,126		5,593,509	0		0		
2024-06-17,一	11.99		11.99		11.60		11.66		-2.26%		3.27%		228,187		2,676,832	0		0		
2024-06-18,二	11.70		11.80		11.57		11.71		+0.43%		1.97%		292,599		3,418,809	0		0		
2024-06-19,三	11.73		12.59		11.68		12.10		+3.33%		7.77%		1,448,812	17,756,804	0		0		
2024-06-20,四	12.10		12.35		11.69		12.31		+1.74%		5.45%		1,312,207	15,771,032	0		0		
2024-06-21,五	12.14		12.88		12.10		12.48		+1.38%		6.34%		1,417,389	17,832,363	0		0		
2024-06-24,一	12.45		12.66		11.81		12.10		-3.04%		6.81%		1,214,440	14,745,721	0		0		
2024-06-25,二	12.20		13.21		12.09		12.93		+6.86%		9.26%		1,766,116	22,336,548	0		0		
2024-06-26,三	13.00		13.25		12.70		13.05		+0.93%		4.25%		1,425,262	18,430,973	0		0		
2024-06-27,四	13.04		13.82		12.54		13.40		+2.68%		9.81%		2,826,809	37,421,507	0		0		
2024-06-28,五	13.15		13.66		12.80		12.98		-3.13%		6.42%		1,919,700	25,334,688	0		0		
2024-07-01,一	12.71		13.40		12.69		13.21		+1.77%		5.47%		1,511,409	19,722,427	0		0		
2024-07-02,二	14.18		16.88		13.50		13.50		+2.20%		25.59%		8,935,557	137,039,140	0		0		
2024-07-03,三	13.09		13.99		12.81		13.10		-2.96%		8.74%		6,436,059	85,127,706	0		0		
2024-07-04,四	12.91		13.29		12.38		12.48		-4.73%		6.95%		4,181,070	53,409,990	0		0		
2024-07-05,五	12.38		12.87		12.20		12.55		+0.56%		5.37%		2,944,326	37,095,039	0		0		
2024-07-08,一	12.41		12.41		11.20		11.50		-8.37%		9.64%		2,848,551	33,787,194	0		0		
2024-07-09,二	11.49		11.88		11.26		11.75		+2.17%		5.39%		1,928,042	22,378,007	0		0		
2024-07-10,三	11.46		11.95		11.41		11.45		-2.55%		4.60%		1,406,778	16,373,922	0		0		
2024-07-11,四	11.72		12.22		11.60		11.95		+4.37%		5.41%		2,227,629	26,539,570	0		0		
2024-07-12,五	11.85		12.55		11.80		12.33		+3.18%		6.28%		2,292,912	27,978,154	0		0		
2024-07-15,一	12.32		12.44		11.86		12.41		+0.65%		4.70%		2,010,099	24,353,866	0		0		
2024-07-16,二	12.30		13.25		12.21		13.14		+5.88%		8.38%		3,034,226	38,980,301	0		0		
2024-07-17,三	13.15		14.24		12.98		13.76		+4.72%		9.59%		4,263,723	58,227,904	0		0		
2024-07-18,四	13.58		14.70		12.85		13.56		-1.45%		13.44%		3,789,824	51,205,334	0		0		
2024-07-19,五	13.43		13.83		13.00		13.25		-2.29%		6.12%		2,412,392	32,172,971	0		0		
2024-07-22,一	13.60		15.40		13.60		14.08		+6.26%		13.58%		5,615,254	81,084,043	0		0		
2024-07-23,二	13.55		13.72		13.15		13.22		-6.11%		4.05%		3,611,219	48,392,674	0		0		
2024-07-24,三	13.24		13.24		12.41		12.42		-6.05%		6.28%		2,004,740	25,551,063	0		0		
2024-07-25,四	12.25		12.75		12.25		12.40		-0.16%		4.03%		1,440,545	18,009,006	0		0		
2024-07-26,五	12.37		12.60		12.37		12.45		+0.40%		1.85%		1,279,312	15,944,723	0		0		
2024-07-29,一	12.62		12.62		12.28		12.33		-0.96%		2.73%		977,413		12,124,479	0		0		
2024-07-30,二	12.50		12.92		12.20		12.72		+3.16%		5.84%		1,932,598	24,546,381	0		0		
2024-07-31,三	12.60		13.68		12.60		13.14		+3.30%		8.49%		2,949,964	38,933,536	0		0		
2024-08-01,四	13.03		13.20		12.88		12.91		-1.75%		2.44%		1,390,594	18,076,120	0		0		
2024-08-02,五	12.78		12.90		12.38		12.42		-3.80%		4.03%		1,420,333	17,879,521	0		0		
2024-08-05,一	12.31		12.49		11.97		11.97		-3.62%		4.19%		1,011,573	12,382,507	0		0		
2024-08-06,二	12.10		12.24		11.92		12.13		+1.34%		2.67%		869,539		10,505,377	0		0		
2024-08-07,三	12.21		12.43		12.04		12.24		+0.91%		3.22%		879,153		10,802,677	0		0		
2024-08-08,四	12.20		12.30		11.94		12.04		-1.63%		2.94%		734,102		8,873,969	0		0		
2024-08-09,五	12.10		12.28		12.03		12.05		+0.08%		2.08%		471,611		5,719,868	0		0		
2024-08-12,一	11.99		12.10		11.79		11.80		-2.07%		2.57%		462,895		5,525,478	0		0		
2024-08-13,二	11.87		11.93		11.73		11.92		+1.02%		1.69%		608,939		7,196,271	0		0		
2024-08-14,三	11.91		12.00		11.80		11.86		-0.50%		1.68%		393,739		4,674,928	0		0		
2024-08-15,四	11.87		12.26		11.83		12.11		+2.11%		3.63%		741,443		8,962,167	0		0		
2024-08-16,五	12.20		12.39		12.06		12.29		+1.49%		2.73%		630,628		7,708,793	0		0		
2024-08-19,一	12.32		12.55		12.05		12.12		-1.38%		4.07%		739,738		9,096,185	0		0		
2024-08-20,二	12.00		12.25		11.76		11.85		-2.23%		4.04%		1,062,272	12,705,503	0		0		
2024-08-21,三	11.80		11.84		11.45		11.50		-2.95%		3.29%		635,689		7,400,389	0		0		
2024-08-22,四	11.51		11.88		11.23		11.25		-2.17%		5.65%		730,209		8,485,919	0		0		
2024-08-23,五	11.50		12.24		11.50		11.80		+4.89%		6.58%		1,614,148	19,238,907	0		0		
2024-08-26,一	11.53		11.71		11.19		11.48		-2.71%		4.41%		1,275,713	14,583,873	0		0		
2024-08-27,二	11.40		11.61		11.30		11.36		-1.05%		2.70%		663,542		7,584,209	0		0		
2024-08-28,三	11.38		11.88		11.32		11.74		+3.35%		4.93%		980,242		11,428,430	0		0		
2024-08-29,四	11.62		11.95		11.60		11.74		+0.00%		2.98%		692,936		8,185,923	0		0		
2024-08-30,五	11.85		12.33		11.72		12.05		+2.64%		5.20%		1,351,379	16,304,861	0		0		
2024-09-02,一	12.00		12.01		11.70		11.76		-2.41%		2.57%		732,933		8,656,901	0		0		
2024-09-03,二	11.70		11.94		11.68		11.94		+1.53%		2.21%		376,225		4,450,833	0		0		
2024-09-04,三	11.88		11.94		11.69		11.85		-0.75%		2.09%		391,262		4,614,456	0		0		
2024-09-05,四	11.90		12.05		11.81		11.93		+0.68%		2.03%		571,754		6,820,494	0		0		
2024-09-06,五	11.91		12.04		11.70		11.70		-1.93%		2.85%		578,661		6,847,961	0		0		
2024-09-09,一	11.59		11.81		11.40		11.58		-1.03%		3.50%		442,535		5,117,065	0		0		
2024-09-10,二	11.53		11.88		11.45		11.85		+2.33%		3.71%		402,374		4,697,659	0		0		
2024-09-11,三	11.67		11.85		11.63		11.70		-1.27%		1.86%		328,180		3,837,037	0		0		
2024-09-12,四	11.65		12.52		11.65		11.90		+1.71%		7.44%		2,112,366	25,676,966	0		0		
2024-09-13,五	11.85		12.50		11.77		12.25		+2.94%		6.13%		2,323,115	28,007,334	0		0		
2024-09-18,三	12.01		12.60		12.01		12.28		+0.24%		4.82%		1,426,720	17,551,100	0		0		
2024-09-19,四	12.30		13.38		12.24		13.38		+8.96%		9.28%		3,323,371	42,667,193	0		0		
2024-09-20,五	13.21		13.59		12.78		12.90		-3.59%		6.05%		3,172,144	41,663,197	0		0		
2024-09-23,一	13.12		13.60		12.92		12.92		+0.16%		5.27%		2,626,105	34,699,671	0		0		
2024-09-24,二	12.67		12.96		12.23		12.81		-0.85%		5.65%		3,223,240	40,663,446	0		0		
2024-09-25,三	12.77		13.50		12.75		12.97		+1.25%		5.85%		2,417,837	31,583,019	0		0		
2024-09-26,四	13.00		13.22		12.75		13.20		+1.77%		3.62%		1,911,221	24,902,833	0		0		
2024-09-27,五	13.48		15.84		13.29		14.80		+12.12%		19.32%		4,552,209	65,766,486	0		0		
2024-09-30,一	16.58		19.24		16.51		19.24		+30.00%		18.45%		8,474,110	155,892,270	0		0		
2024-10-08,二	25.01		25.01		24.00		25.01		+29.99%		5.25%		10,824,107	269,880,600	0		0		
2024-10-09,三	23.00		32.51		22.00		28.60		+14.35%		42.02%		16,568,587	476,205,020	0		0		
2024-10-10,四	26.98		28.62		20.02		23.38		-18.25%		30.07%		9,315,169	229,195,360	0		0		
2024-10-11,五	21.90		27.98		21.00		25.53		+9.20%		29.85%		9,275,836	231,290,140	0		0		
2024-10-14,一	25.13		32.68		23.10		32.22		+26.20%		37.52%		11,427,649	316,537,280	0		0		
2024-10-15,二	29.99		36.00		28.50		28.77		-10.71%		23.28%		12,857,003	413,482,450	0		0		
2024-10-16,三	26.50		29.97		26.28		29.27		+1.74%		12.83%		8,247,024	234,334,160	0		0		
2024-10-17,四	30.50		36.76		30.00		31.20		+6.59%		23.10%		13,123,355	431,413,050	0		0		
2024-10-18,五	30.63		38.38		28.91		33.40		+7.05%		30.35%		13,249,945	431,841,630	0		0		
2024-10-21,一	35.00		39.58		33.46		38.54		+15.39%		18.32%		12,258,261	449,351,800	0		0		
2024-10-22,二	37.00		37.00		30.26		30.91		-19.80%		17.49%		9,666,451	326,558,830	0		0		
2024-10-23,三	31.00		33.30		30.00		30.71		-0.65%		10.68%		6,125,978	193,708,470	0		0		
2024-10-24,四	29.77		32.50		28.87		31.20		+1.60%		11.82%		6,460,105	196,873,710	0		0		
2024-10-25,五	31.17		33.04		29.90		29.92		-4.10%		10.06%		7,521,504	237,676,400	0		0		
2024-10-28,一	29.30		30.22		27.58		29.46		-1.54%		8.82%		4,816,264	139,984,600	0		0		
2024-10-29,二	29.78		33.09		29.78		31.46		+6.79%		11.24%		7,285,559	228,685,620	0		0		
2024-10-30,三	30.77		35.15		29.79		34.63		+10.08%		17.04%		10,020,804	332,563,360	0		0		
2024-10-31,四	36.58		37.50		32.26		32.51		-6.12%		15.13%		8,237,502	279,023,540	0		0		
2024-11-01,五	31.50		32.50		27.30		27.32		-15.96%		16.00%		5,644,331	165,066,750	0		0		
2024-11-04,一	26.90		29.00		26.88		28.60		+4.69%		7.76%		2,798,310	78,865,007	0		0		
2024-11-05,二	28.50		32.91		28.35		32.10		+12.24%		15.94%		6,498,735	204,252,720	0		0		
2024-11-06,三	32.16		34.37		31.45		32.78		+2.12%		9.10%		6,741,570	222,436,800	0		0		
2024-11-07,四	32.16		42.61		31.75		42.61		+29.99%		33.13%		11,223,836	413,337,700	0		0		
2024-11-08,五	42.03		54.54		42.03		43.86		+2.93%		29.36%		14,481,125	687,608,720	0		0		
2024-11-11,一	43.00		47.37		40.40		41.50		-5.38%		15.89%		10,501,893	459,705,230	0		0		
2024-11-12,二	41.00		42.91		38.38		39.38		-5.11%		10.92%		7,200,623	288,364,980	0		0		
2024-11-13,三	39.25		45.00		37.75		44.55		+13.13%		18.41%		8,720,232	365,122,520	0		0		
2024-11-14,四	43.85		44.67		40.16		41.26		-7.38%		10.12%		5,994,094	255,674,330	0		0		
2024-11-15,五	41.26		44.65		41.02		41.93		+1.62%		8.80%		6,287,831	269,984,180	0		0		
2024-11-18,一	42.00		42.93		37.08		37.90		-9.61%		13.95%		5,348,559	210,332,170	0		0		
2024-11-19,二	37.59		40.11		35.00		40.11		+5.83%		13.48%		5,707,395	214,539,700	0		0		
2024-11-20,三	39.00		41.50		38.35		39.92		-0.47%		7.85%		5,071,813	202,532,400	0		0		
2024-11-21,四	39.92		44.76		39.16		43.00		+7.72%		14.03%		8,032,106	340,379,700	0		0		
2024-11-22,五	42.05		48.89		40.99		41.30		-3.95%		18.37%		9,745,269	436,681,700	0		0		
2024-11-25,一	41.00		45.00		39.55		45.00		+8.96%		13.20%		7,244,200	306,565,390	0		0		
2024-11-26,二	43.68		45.27		40.77		41.00		-8.89%		10.00%		5,652,917	243,188,990	0		0		
2024-11-27,三	40.00		43.97		38.00		43.15		+5.24%		14.56%		6,135,346	256,183,670	0		0		
2024-11-28,四	43.67		45.08		42.10		42.54		-1.41%		6.91%		5,526,297	241,666,430	0		0		
2024-11-29,五	42.60		46.75		40.45		44.40		+4.37%		14.81%		7,571,727	332,352,590	0		0		
2024-12-02,一	43.01		45.30		43.00		44.22		-0.41%		5.18%		5,030,373	221,695,900	0		0		
2024-12-03,二	45.37		50.88		43.28		46.69		+5.59%		17.19%		8,943,596	417,972,610	0		0		
2024-12-04,三	45.27		47.66		44.75		44.96		-3.71%		6.23%		5,799,831	266,659,120	0		0		
2024-12-05,四	45.00		45.98		43.49		43.92		-2.31%		5.54%		4,227,106	188,861,060	0		0		
2024-12-06,五	44.83		44.99		42.46		42.54		-3.14%		5.76%		3,809,433	165,416,150	0		0		
2024-12-09,一	42.51		42.86		38.45		38.48		-9.54%		10.37%		4,181,433	167,964,450	0		0		
2024-12-10,二	42.10		42.10		37.98		38.41		-0.18%		10.71%		4,046,950	161,928,460	0		0		
2024-12-11,三	37.91		38.94		36.58		37.21		-3.12%		6.14%		3,693,495	138,403,250	0		0		
2024-12-12,四	37.67		37.80		35.91		37.50		+0.78%		5.08%		2,729,627	100,857,216	0		0		
2024-12-13,五	37.03		38.35		36.11		36.95		-1.47%		5.97%		2,495,118	93,705,854	0		0		
2024-12-16,一	36.99		37.39		34.13		35.00		-5.28%		8.82%		2,666,817	94,666,097	0		0		
2024-12-17,二	35.30		35.70		34.23		35.12		+0.34%		4.20%		2,132,454	74,675,961	0		0		
2024-12-18,三	35.40		35.89		34.46		34.56		-1.59%		4.07%		1,680,421	59,146,229	0		0		
2024-12-19,四	34.00		35.92		31.43		35.63		+3.10%		12.99%		4,047,754	137,205,050	0		0		
2024-12-20,五	35.04		36.70		35.00		35.60		-0.08%		4.77%		2,871,115	102,642,096	0		0		
2024-12-23,一	35.50		35.88		32.30		32.55		-8.57%		10.06%		2,597,813	88,407,929	0		0		
2024-12-24,二	32.41		34.00		31.63		32.74		+0.58%		7.28%		1,999,941	65,029,632	0		0		
2024-12-25,三	32.70		32.80		30.47		30.47		-6.93%		7.12%		2,097,323	65,483,329	0		0		
2024-12-26,四	30.61		32.16		30.55		31.06		+1.94%		5.28%		2,235,119	69,847,842	0		0		
2024-12-27,五	31.30		32.37		30.88		31.46		+1.29%		4.80%		2,044,675	64,880,427	0		0		
2024-12-30,一	31.46		31.48		29.60		29.67		-5.69%		5.98%		1,679,122	51,164,450	0		0		
2024-12-31,二	30.00		30.96		29.30		29.30		-1.25%		5.59%		1,552,211	46,786,900	0		0		
2025-01-02,四	29.28		29.96		28.26		29.40		+0.34%		5.80%		1,550,759	45,290,169	0		0		
2025-01-03,五	29.78		30.96		29.29		30.00		+2.04%		5.68%		2,404,232	72,648,048	0		0		
2025-01-06,一	30.29		30.30		27.70		27.80		-7.33%		8.67%		2,037,772	58,792,575	0		0		
2025-01-07,二	28.10		28.49		27.01		28.48		+2.45%		5.32%		1,888,597	52,446,491	0		0		
2025-01-08,三	28.19		29.16		27.15		28.60		+0.42%		7.06%		1,928,683	54,368,403	0		0		
2025-01-09,四	28.04		29.66		28.04		29.19		+2.06%		5.66%		1,972,239	57,524,409	0		0		
2025-01-10,五	28.89		29.55		27.56		27.65		-5.28%		6.82%		1,700,174	49,219,814	0		0		
2025-01-13,一	27.46		28.58		26.70		28.20		+1.99%		6.80%		1,648,255	45,776,884	0		0		
2025-01-14,二	28.40		32.83		28.40		32.41		+14.93%		15.71%		4,808,992	148,366,710	0		0		
2025-01-15,三	32.20		32.56		31.49		31.98		-1.33%		3.30%		3,812,307	122,056,601	0		0		
2025-01-16,四	32.20		34.38		32.16		32.36		+1.19%		6.94%		3,592,856	119,282,419	0		0		
2025-01-17,五	32.50		33.30		31.67		32.30		-0.19%		5.04%		2,485,733	81,024,780	0		0		
2025-01-20,一	33.10		33.75		32.32		32.56		+0.80%		4.43%		2,111,965	69,769,029	0		0		
2025-01-21,二	33.07		33.39		31.66		32.50		-0.18%		5.31%		1,640,286	53,449,591	0		0		
2025-01-22,三	32.71		32.73		30.66		30.82		-5.17%		6.37%		1,843,830	57,900,173	0		0		
2025-01-23,四	31.65		33.66		31.30		31.82		+3.24%		7.66%		3,103,945	101,055,141	0		0		
2025-01-24,五	31.80		33.90		31.69		33.68		+5.85%		6.95%		3,547,571	117,648,664	0		0		
2025-01-27,一	34.98		35.04		31.30		31.50		-6.47%		11.10%		2,522,953	83,595,029	0		0		
2025-02-05,三	32.66		34.48		32.41		33.94		+7.75%		6.57%		3,591,902	120,383,477	0		0		
2025-02-06,四	33.16		35.74		33.01		35.69		+5.16%		8.04%		4,784,616	165,696,560	0		0		
2025-02-07,五	35.83		39.50		35.29		37.66		+5.52%		11.80%		7,165,843	267,238,170	0		0		
2025-02-10,一	38.38		42.00		37.99		42.00		+11.52%		10.65%		8,228,784	331,754,910	0		0		
2025-02-11,二	49.00		54.60		49.00		54.60		+30.00%		13.33%		8,441,026	441,246,960	0		0		
2025-02-12,三	59.88		70.98		58.88		63.02		+15.42%		22.16%		16,526,621	1,070,508,930	0		0		
2025-02-13,四	58.00		69.96		54.04		62.50		-0.83%		25.26%		13,757,983	819,851,780	0		0		
2025-02-14,五	59.00		67.80		58.01		60.34		-3.46%		15.66%		11,985,980	745,310,280	0		0		
2025-02-17,一	60.31		60.33		54.61		54.80		-9.18%		9.48%		9,344,997	533,347,500	0		0		
2025-02-18,二	53.99		55.99		52.56		55.08		+0.51%		6.26%		6,644,809	361,616,140	0		0		
2025-02-19,三	55.52		56.88		53.00		56.47		+2.52%		7.04%		7,159,135	393,727,540	0		0		
2025-02-20,四	55.01		56.80		54.32		55.30		-2.07%		4.39%		5,373,193	297,161,470	0		0		
2025-02-21,五	55.98		62.62		55.00		59.00		+6.69%		13.78%		9,040,977	528,306,440	0		0		
2025-02-24,一	57.90		58.00		54.50		54.90		-6.95%		5.93%		5,869,268	328,275,330	0		0		
2025-02-25,二	51.91		56.68		50.86		53.20		-3.10%		10.60%		4,610,978	250,292,440	0		0		
2025-02-26,三	53.68		55.29		52.00		54.41		+2.27%		6.18%		5,088,733	273,940,750	0		0		
2025-02-27,四	57.20		60.30		55.96		57.00		+4.76%		7.98%		8,376,203	484,827,290	0		0		
2025-02-28,五	55.02		57.88		51.46		52.00		-8.77%		11.26%		5,832,929	318,633,460	0		0		
2025-03-03,一	52.00		53.22		48.00		50.15		-3.56%		10.04%		5,641,331	286,240,710	0		0		
2025-03-04,二	48.18		51.90		48.16		51.63		+2.95%		7.46%		3,919,318	198,580,620	0		0		
2025-03-05,三	52.50		55.47		50.51		55.00		+6.53%		9.61%		6,540,362	347,498,360	0		0		
2025-03-06,四	55.88		57.88		53.50		55.10		+0.18%		7.96%		6,893,310	383,714,340	0		0		
2025-03-07,五	55.55		57.00		52.30		52.30		-5.08%		8.53%		4,924,100	268,897,390	0		0		
2025-03-10,一	51.50		53.10		50.50		52.64		+0.65%		4.97%		2,454,604	127,600,599	0		0		
2025-03-11,二	51.36		53.17		51.00		52.98		+0.65%		4.12%		2,313,390	120,816,108	0		0		
2025-03-12,三	53.05		54.99		53.05		53.27		+0.55%		3.66%		3,246,393	175,645,400	0		0		
2025-03-13,四	53.28		55.80		51.70		55.55		+4.28%		7.70%		4,616,797	250,414,480	0		0		
2025-03-14,五	54.78		65.56		54.18		60.00		+8.01%		20.49%		8,760,986	521,816,230	0		0		
2025-03-17,一	58.99		63.30		57.36		60.48		+0.80%		9.90%		5,022,963	304,360,590	0		0		
2025-03-18,二	60.47		60.47		57.74		58.01		-4.08%		4.51%		3,603,900	211,504,960	0		0		
2025-03-19,三	57.30		57.87		54.58		55.24		-4.78%		5.67%		2,544,327	143,321,320	0		0		
2025-03-20,四	54.50		58.31		53.87		54.02		-2.21%		8.04%		3,173,854	178,155,050	0		0		
2025-03-21,五	52.50		52.88		49.17		49.49		-8.39%		6.87%		3,448,102	174,483,110	0		0		
2025-03-24,一	49.49		51.15		48.15		51.13		+3.31%		6.06%		2,396,373	119,270,865	0		0		
2025-03-25,二	51.30		51.51		49.00		49.23		-3.72%		4.91%		1,933,095	96,899,861	0		0		
2025-03-26,三	48.89		50.50		48.49		48.49		-1.50%		4.08%		1,199,345	59,166,407	0		0		
2025-03-27,四	48.49		50.88		47.48		48.91		+0.87%		7.01%		2,442,047	120,644,014	0		0		
2025-03-28,五	49.00		49.88		48.08		48.08		-1.70%		3.68%		1,403,964	68,698,827	0		0		
2025-03-31,一	48.08		48.09		45.00		46.54		-3.20%		6.43%		2,131,723	98,326,964	0		0		
2025-04-01,二	46.90		47.30		45.48		45.50		-2.23%		3.91%		1,416,546	65,820,049	0		0		
2025-04-02,三	46.06		46.65		45.37		45.89		+0.86%		2.81%		1,168,182	53,869,424	0		0		
2025-04-03,四	45.00		46.87		44.81		46.51		+1.35%		4.49%		1,376,393	63,773,575	0		0		
2025-04-07,一	42.71		43.80		33.64		36.99		-20.47%		21.84%		3,422,375	132,987,280	0		0		
2025-04-08,二	38.06		45.88		37.42		42.96		+16.14%		22.87%		3,351,944	132,141,893	0		0		
2025-04-09,三	40.88		50.00		39.88		48.90		+13.83%		23.56%		6,269,186	293,208,640	0		0		
2025-04-10,四	46.33		51.76		46.01		49.18		+0.57%		11.76%		6,639,787	329,777,910	0		0		
2025-04-11,五	47.50		50.28		47.50		48.76		-0.85%		5.65%		3,863,395	190,095,620	0		0		
2025-04-14,一	49.00		50.99		48.98		49.36		+1.23%		4.12%		2,975,656	148,152,470	0		0		
2025-04-15,二	50.00		50.20		48.00		49.51		+0.30%		4.46%		2,249,488	110,486,839	0		0		
2025-04-16,三	48.57		50.40		47.20		50.40		+1.80%		6.46%		3,066,283	150,593,210	0		0		
2025-04-17,四	49.88		51.76		49.48		49.53		-1.73%		4.52%		2,913,168	146,775,440	0		0		
2025-04-18,五	49.50		50.48		48.40		49.70		+0.34%		4.20%		2,233,010	110,858,805	0		0		
2025-04-21,一	49.57		51.85		49.51		51.72		+4.06%		4.71%		3,209,163	163,712,690	0		0		
2025-04-22,二	51.50		54.30		50.60		50.72		-1.93%		7.15%		4,187,783	220,989,880	0		0		
2025-04-23,三	51.38		51.46		49.80		50.71		-0.02%		3.27%		3,055,629	154,574,560	0		0		
2025-04-24,四	51.10		51.83		47.56		47.60		-6.13%		8.42%		3,135,281	154,927,060	0		0		
2025-04-25,五	47.89		51.00		47.89		49.20		+3.36%		6.53%		3,160,740	156,447,250	0		0		
2025-04-28,一	50.00		50.32		47.79		47.80		-2.85%		5.14%		1,906,733	93,101,808	0		0		
2025-04-29,二	47.60		49.69		47.58		49.00		+2.51%		4.41%		1,647,843	80,832,614	0		0		
2025-04-30,三	49.90		54.89		49.10		54.87		+11.98%		11.82%		5,202,113	275,027,600	0		0		
2025-05-06,二	55.50		58.88		53.40		57.30		+4.43%		9.99%		5,621,549	318,218,840	0		0		
2025-05-07,三	58.69		60.50		54.66		56.09		-2.11%		10.19%		4,924,008	279,186,500	0		0		
2025-05-08,四	54.90		56.06		54.80		55.54		-0.98%		2.25%		2,770,463	153,651,710	0		0		
2025-05-09,五	55.00		58.98		53.87		55.15		-0.70%		9.20%		4,612,816	262,001,050	0		0		
2025-05-12,一	55.12		56.58		54.18		56.45		+2.36%		4.35%		3,535,680	196,854,460	0		0		
2025-05-13,二	56.99		57.29		54.55		54.67		-3.15%		4.85%		2,475,982	138,045,520	0		0		
2025-05-14,三	54.96		57.90		54.30		56.79		+3.88%		6.58%		4,141,577	233,509,220	0		0		
2025-05-15,四	56.65		56.84		54.25		54.25		-4.47%		4.56%		3,010,692	165,992,010	0		0		
2025-05-16,五	53.99		54.71		53.36		53.44		-1.49%		2.49%		1,958,125	105,677,780	0		0		
2025-05-19,一	53.00		53.99		52.80		53.96		+0.97%		2.23%		1,622,391	86,768,180	0		0		
2025-05-20,二	54.42		54.53		53.50		53.94		-0.04%		1.91%		1,852,553	100,044,255	0		0		
2025-05-21,三	54.24		54.50		53.30		53.38		-1.04%		2.22%		1,496,216	80,557,057	0		0		
2025-05-22,四	53.20		53.63		49.80		49.90		-6.52%		7.17%		2,882,047	147,240,110	0		0		
2025-05-23,五	49.75		50.79		49.03		49.30		-1.20%		3.53%		1,426,017	71,120,034	0		0		
2025-05-26,一	49.20		50.48		49.20		50.31		+2.05%		2.60%		1,172,367	58,709,650	0		0		
2025-05-27,二	50.38		51.50		50.06		50.58		+0.54%		2.86%		1,248,222	63,308,530	0		0		
2025-05-28,三	50.08		51.28		49.35		49.68		-1.78%		3.82%		1,087,727	54,467,958	0		0		
2025-05-29,四	49.97		52.17		49.67		52.07		+4.81%		5.03%		2,258,003	116,072,669	0		0		
2025-05-30,五	52.16		52.35		50.44		51.00		-2.05%		3.67%		1,650,067	84,598,792	0		0		
2025-06-03,二	51.90		52.10		50.13		50.28		-1.41%		3.86%		1,463,183	74,677,985	0		0		
2025-06-04,三	50.77		51.23		50.12		50.34		+0.12%		2.21%		1,057,136	53,411,837	0		0		
2025-06-05,四	50.41		51.96		50.20		51.63		+2.56%		3.50%		2,150,281	110,003,868	0		0		
2025-06-06,五	51.30		53.14		50.84		52.11		+0.93%		4.45%		2,465,590	128,107,365	0		0		
2025-06-09,一	52.18		52.89		51.60		52.26		+0.29%		2.48%		1,754,457	91,751,294	0		0		
2025-06-10,二	52.78		52.78		49.41		50.15		-4.04%		6.45%		2,015,164	102,601,741	0		0		
2025-06-11,三	50.39		51.39		49.84		50.35		+0.40%		3.09%		1,270,383	64,201,762	0		0		
2025-06-12,四	50.01		50.79		49.88		50.30		-0.10%		1.81%		1,208,408	60,865,219	0		0		
2025-06-13,五	50.58		51.95		49.68		49.72		-1.15%		4.51%		2,043,050	103,875,426	0		0		
2025-06-16,一	50.76		53.04		49.22		53.04		+6.68%		7.68%		3,487,317	180,914,120	0		0		
2025-06-17,二	53.60		53.70		52.03		52.20		-1.58%		3.15%		2,231,260	117,410,729	0		0		
2025-06-18,三	51.91		52.48		50.80		51.91		-0.56%		3.22%		1,520,780	78,529,604	0		0		
2025-06-19,四	52.26		52.34		49.61		50.15		-3.39%		5.26%		1,609,711	81,542,651	0		0		
2025-06-20,五	50.33		50.74		48.55		48.80		-2.69%		4.37%		983,237		48,541,116	0		0		
2025-06-23,一	34.99		36.60		34.38		36.36		-25.49%		4.55%		2,118,308	75,530,084	0		0		
2025-06-24,二	36.86		38.09		36.11		36.80		+1.21%		5.45%		4,088,206	151,444,690	0		0		
2025-06-25,三	36.88		39.95		36.51		39.43		+7.15%		9.35%		7,112,691	273,642,120	0		0		
2025-06-26,四	39.50		39.84		38.17		38.24		-3.02%		4.24%		4,932,513	191,678,320	0		0		
2025-06-27,五	38.25		39.76		38.05		38.56		+0.84%		4.47%		3,946,457	153,236,670	0		0		
2025-06-30,一	38.73		38.99		38.16		38.58		+0.05%		2.15%		2,815,530	108,337,507	0		0		
2025-07-01,二	38.40		39.40		37.70		38.30		-0.73%		4.41%		3,081,903	118,599,058	0		0		
2025-07-02,三	37.87		38.24		36.72		36.95		-3.52%		3.97%		2,683,397	100,123,045	0		0		
2025-07-03,四	37.10		37.40		36.60		36.89		-0.16%		2.17%		1,342,051	49,558,476	0		0		
2025-07-04,五	36.82		37.42		36.09		36.12		-2.09%		3.61%		2,044,069	75,160,546	0		0		
2025-07-07,一	36.00		36.60		36.00		36.23		+0.30%		1.66%		1,129,085	40,979,518	0		0		
2025-07-08,二	36.30		37.05		36.23		36.97		+2.04%		2.26%		1,677,151	61,584,481	0		0		
2025-07-09,三	36.97		37.28		36.24		36.36		-1.65%		2.81%		1,575,461	57,897,369	0		0		
2025-07-10,四	36.40		36.65		35.47		36.30		-0.17%		3.25%		1,615,364	58,253,197	0		0		
2025-07-11,五	36.48		37.96		36.31		37.79		+4.10%		4.55%		4,115,688	153,875,280	0		0		
2025-07-14,一	37.69		37.91		36.80		36.89		-2.38%		2.94%		2,377,140	88,291,271	0		0		
2025-07-15,二	37.00		37.68		36.08		37.48		+1.60%		4.34%		2,513,746	92,861,480	0		0		
2025-07-16,三	37.50		37.93		36.73		36.76		-1.92%		3.20%		2,245,811	83,643,330	0		0		
2025-07-17,四	36.50		39.25		36.37		37.99		+3.35%		7.83%		5,010,841	190,187,050	0		0		
2025-07-18,五	37.44		38.39		37.29		37.53		-1.21%		2.90%		2,910,689	109,774,305	0		0		
2025-07-21,一	37.11		37.39		36.88		37.17		-0.96%		1.36%		2,424,588	89,885,878	0		0		
2025-07-22,二	36.90		37.34		36.50		36.58		-1.59%		2.26%		2,349,984	86,208,744	0		0		
2025-07-23,三	36.15		36.95		36.08		36.54		-0.11%		2.38%		1,888,383	68,976,786	0		0		
2025-07-24,四	36.55		36.85		36.44		36.56		+0.05%		1.12%		1,526,699	55,870,507	0		0		
2025-07-25,五	36.82		38.95		36.61		37.71		+3.15%		6.40%		5,410,803	204,628,570	0		0		
2025-07-28,一	38.00		38.40		37.01		37.38		-0.88%		3.69%		3,018,581	112,731,987	0		0		
2025-07-29,二	37.38		37.38		36.61		37.02		-0.96%		2.06%		1,820,439	67,249,098	0		0		
2025-07-30,三	37.38		37.38		36.09		36.31		-1.92%		3.48%		2,090,316	76,572,280	0		0		
2025-07-31,四	36.18		37.15		36.16		36.36		+0.14%		2.73%		1,930,257	70,734,746	0		0		
2025-08-01,五	36.55		37.87		36.06		37.74		+3.80%		4.98%		4,209,670	156,606,230	0		0		
2025-08-04,一	37.20		38.46		37.20		38.46		+1.91%		3.34%		4,525,481	172,144,250	0		0		
2025-08-05,二	38.06		38.20		37.38		37.82		-1.66%		2.13%		3,129,608	118,107,339	0		0		
2025-08-06,三	37.65		38.12		37.33		37.91		+0.24%		2.09%		3,361,251	126,905,440	0		0		
2025-08-07,四	37.93		38.10		37.21		37.43		-1.27%		2.35%		2,613,852	98,328,487	0		0		
2025-08-08,五	37.03		37.35		36.50		36.50		-2.48%		2.27%		2,424,057	89,004,874	0		0		
2025-08-11,一	36.51		37.01		36.30		36.80		+0.82%		1.95%		1,504,944	55,355,553	0		0		
2025-08-12,二	36.83		37.01		36.50		36.79		-0.03%		1.39%		1,557,678	57,208,101	0		0		
2025-08-13,三	36.82		38.32		36.51		37.35		+1.52%		4.92%		4,391,558	165,109,580	0		0		
2025-08-14,四	37.00		37.35		36.15		36.15		-3.21%		3.21%		3,149,864	115,592,307	0		0		
2025-08-15,五	36.21		37.75		36.11		37.72		+4.34%		4.54%		3,897,907	145,094,840	0		0		
2025-08-18,一	38.00		43.32		37.35		41.69		+10.52%		15.83%		9,110,217	365,156,520	0		0		
2025-08-19,二	42.80		45.86		40.73		40.78		-2.18%		12.31%		10,726,329	462,355,280	0		0		
2025-08-20,三	40.47		41.85		40.02		41.33		+1.35%		4.49%		5,808,341	238,298,850	0		0		
2025-08-21,四	41.30		44.37		41.20		41.82		+1.19%		7.67%		5,611,965	238,413,360	0		0		
2025-08-22,五	41.99		43.99		41.46		43.71		+4.52%		6.05%		6,123,439	260,777,080	0		0		
2025-08-25,一	43.72		44.33		42.42		42.86		-1.94%		4.37%		5,657,486	243,710,480	0		0		
2025-08-26,二	42.58		44.88		42.46		42.99		+0.30%		5.65%		4,987,728	217,430,870	0		0		
2025-08-27,三	44.45		45.36		41.08		41.11		-4.37%		9.96%		5,771,217	247,528,320	0		0		
2025-08-28,四	40.52		41.40		39.18		40.63		-1.17%		5.40%		4,641,730	186,821,080	0		0		
2025-08-29,五	41.80		41.96		40.00		40.10		-1.30%		4.82%		2,979,897	121,480,911	0		0		
2025-09-01,一	40.07		40.54		39.24		39.38		-1.80%		3.24%		2,626,728	104,043,329	0		0		
2025-09-02,二	39.40		39.40		37.33		38.08		-3.30%		5.26%		3,945,200	149,900,830	0		0		
2025-09-03,三	38.20		38.35		37.20		37.34		-1.94%		3.02%		1,893,310	71,413,163	0		0		
2025-09-04,四	37.18		38.10		37.18		37.90		+1.50%		2.46%		2,491,281	94,001,258	0		0		
2025-09-05,五	38.33		39.43		37.70		39.37		+3.88%		4.56%		2,862,738	110,908,323	0		0		
2025-09-08,一	39.40		39.50		38.51		38.88		-1.24%		2.51%		2,212,341	85,958,166	0		0		
2025-09-09,二	38.99		38.99		37.27		37.30		-4.06%		4.42%		2,357,017	88,911,682	0		0		
2025-09-10,三	37.53		37.77		36.86		36.93		-0.99%		2.44%		1,283,489	47,889,232	0		0		
2025-09-11,四	37.25		38.30		37.09		38.09		+3.14%		3.28%		1,985,727	75,008,812	0		0		
2025-09-12,五	38.40		38.48		37.20		37.39		-1.84%		3.36%		2,148,815	81,117,800	0		0		
2025-09-15,一	37.40		37.75		37.07		37.23		-0.43%		1.82%		1,239,446	46,287,364	0		0		
2025-09-16,二	37.39		37.76		36.80		37.71		+1.29%		2.58%		1,423,472	53,170,777	0		0		
2025-09-17,三	37.80		37.89		37.31		37.47		-0.64%		1.54%		1,599,867	60,083,415	0		0		
2025-09-18,四	37.60		38.36		36.63		37.03		-1.17%		4.62%		2,442,197	91,874,306	0		0		
2025-09-19,五	37.20		37.20		36.01		36.05		-2.65%		3.21%		2,076,717	75,769,351	0		0		
2025-09-22,一	36.38		36.54		35.88		36.13		+0.22%		1.83%		1,103,045	39,872,058	0		0		
2025-09-23,二	36.12		36.12		33.65		34.25		-5.20%		6.84%		2,358,530	81,376,230	0		0		
2025-09-24,三	34.18		35.40		34.18		35.19		+2.74%		3.56%		1,561,060	54,519,748	0		0		
2025-09-25,四	35.18		37.03		35.03		36.16		+2.76%		5.68%		2,532,748	92,010,769	0		0		
2025-09-26,五	35.90		36.34		34.77		34.82		-3.71%		4.34%		1,502,494	52,928,495	0		0		
2025-09-29,一	34.88		35.59		34.38		34.96		+0.40%		3.48%		1,160,175	40,581,254	0		0		
2025-09-30,二	35.00		35.49		34.56		34.56		-1.14%		2.66%		1,149,778	40,199,722	0		0		
2025-10-09,四	34.40		34.88		33.80		34.67		+0.32%		3.13%		1,488,747	51,008,399	0		0		
2025-10-10,五	34.56		34.91		34.01		34.11		-1.62%		2.60%		1,116,779	38,447,679	0		0		
2025-10-13,一	33.99		40.93		33.30		38.08		+11.64%		22.37%		6,308,249	237,735,700	0		0		
2025-10-14,二	36.16		37.78		36.05		37.76		-0.84%		4.54%		4,513,680	166,058,140	0		0		
2025-10-15,三	37.19		40.96		36.66		39.70		+5.14%		11.39%		7,096,824	279,730,370	0		0		
2025-10-16,四	38.30		39.81		37.53		39.00		-1.76%		5.74%		4,747,515	182,112,050	0		0		
2025-10-17,五	38.52		38.99		36.70		36.82		-5.59%		5.87%		2,829,800	106,580,051	0		0		
2025-10-20,一	36.82		37.90		36.43		36.53		-0.79%		3.99%		2,105,106	77,809,100	0		0		
2025-10-21,二	36.30		37.00		35.40		36.65		+0.33%		4.38%		2,710,041	97,828,494	0		0		
2025-10-22,三	36.36		36.83		35.71		35.74		-2.48%		3.06%		2,041,951	73,796,650	0		0		
2025-10-23,四	36.16		38.30		36.16		38.16		+6.77%		5.99%		4,895,802	183,300,080	0		0		
2025-10-24,五	37.00		37.99		36.99		37.52		-1.68%		2.62%		3,310,667	123,876,113	0		0		
2025-10-27,一	37.53		37.70		36.68		36.85		-1.79%		2.72%		2,395,775	88,572,304	0		0		
2025-10-28,二	36.56		38.30		36.54		37.40		+1.49%		4.78%		2,914,928	109,616,839	0		0		
2025-10-29,三	37.13		40.54		36.80		39.86		+6.58%		10.00%		5,581,510	215,273,750	0		0		
2025-10-30,四	39.50		43.33		39.10		40.00		+0.35%		10.61%		9,338,400	386,185,310	0		0		
2025-10-31,五	39.60		50.50		39.52		44.70		+11.75%		27.45%		15,780,112	709,779,640	0		0		
2025-11-03,一	45.10		46.40		42.50		45.00		+0.67%		8.72%		10,080,915	449,788,690	0		0		
2025-11-04,二	43.12		44.57		41.62		44.36		-1.42%		6.56%		8,064,107	346,855,960	0		0		
2025-11-05,三	42.63		43.61		41.51		42.08		-5.14%		4.73%		7,150,989	303,292,040	0		0		
2025-11-06,四	41.62		42.00		40.00		40.01		-4.92%		4.75%		5,671,900	229,675,480	0		0		
2025-11-07,五	39.85		40.71		39.55		40.13		+0.30%		2.90%		3,859,934	155,135,990	0		0		
2025-11-10,一	40.20		40.28		38.40		38.48		-4.11%		4.68%		4,487,402	174,336,070	0		0		
2025-11-11,二	38.71		39.66		38.20		38.37		-0.29%		3.79%		3,405,950	132,197,742	0		0		
2025-11-12,三	38.37		39.46		38.00		38.88		+1.33%		3.81%		3,020,934	117,488,743	0		0		
2025-11-13,四	38.88		40.22		38.45		39.83		+2.44%		4.55%		4,343,238	172,421,520	0		0		
2025-11-14,五	39.70		39.70		37.51		37.76		-5.20%		5.50%		4,401,371	169,071,140	0		0		
2025-11-17,一	37.36		39.49		37.21		38.56		+2.12%		6.04%		4,336,514	167,828,240	0		0		
2025-11-18,二	38.72		40.32		38.50		39.35		+2.05%		4.72%		6,480,640	256,715,210	0		0		
2025-11-19,三	39.50		40.36		36.68		37.03		-5.90%		9.35%		4,928,307	186,917,950	0		0		
2025-11-20,四	37.09		37.57		36.00		36.00		-2.78%		4.24%		3,114,205	113,567,867	0		0		
2025-11-21,五	35.55		36.80		34.71		35.77		-0.64%		5.81%		3,564,118	127,109,308	0		0		
2025-11-24,一	35.99		36.56		34.73		36.28		+1.43%		5.12%		3,317,770	118,352,795	0		0		
2025-11-25,二	36.28		37.28		36.28		36.45		+0.47%		2.76%		2,925,985	107,665,136	0		0		
2025-11-26,三	36.60		36.89		35.56		35.75		-1.92%		3.65%		2,512,364	90,828,677	0		0		
2025-11-27,四	35.67		36.06		35.18		35.21		-1.51%		2.46%		1,663,391	59,164,251	0		0		
2025-11-28,五	35.18		35.59		34.71		35.13		-0.23%		2.50%		1,385,971	48,596,133	0		0		
2025-12-01,一	35.17		36.50		34.70		36.11		+2.79%		5.12%		2,184,553	78,115,324	0		0		
2025-12-02,二	36.32		36.33		35.08		35.29		-2.27%		3.46%		1,561,193	55,695,002	0		0		
2025-12-03,三	35.30		35.50		34.75		34.77		-1.47%		2.13%		1,337,111	46,802,753	0		0		
2025-12-04,四	34.78		35.09		34.21		34.43		-0.98%		2.53%		1,329,308	45,899,863	0		0		
2025-12-05,五	34.50		35.86		33.99		35.31		+2.56%		5.43%		1,989,954	69,680,831	0		0		
2025-12-08,一	35.18		35.99		35.18		35.58		+0.76%		2.29%		1,838,465	65,531,348	0		0		
2025-12-09,二	35.60		35.61		34.60		34.67		-2.56%		2.84%		1,536,087	53,776,567	0		0		
2025-12-10,三	34.50		34.59		34.01		34.40		-0.78%		1.67%		1,067,420	36,580,832	0		0		
2025-12-11,四	34.50		36.60		34.01		35.67		+3.69%		7.53%		3,676,745	130,571,794	0		0		
2025-12-12,五	35.42		36.40		34.81		35.66		-0.03%		4.46%		2,869,661	102,506,292	0		0		
2025-12-15,一	35.16		35.72		34.83		35.28		-1.07%		2.50%		1,612,614	56,850,853	0		0		
2025-12-16,二	35.28		36.20		35.03		35.86		+1.64%		3.32%		2,450,812	87,794,683	0		0		
2025-12-17,三	35.70		36.05		34.94		35.95		+0.25%		3.10%		2,265,490	80,454,536	0		0		
2025-12-18,四	35.88		36.60		35.56		36.04		+0.25%		2.89%		2,541,861	91,972,637	0		0		
2025-12-19,五	36.01		36.96		35.73		36.78		+2.05%		3.41%		2,737,863	100,118,938	0		0		
2025-12-22,一	36.77		36.77		36.10		36.17		-1.66%		1.82%		2,250,840	81,711,328	0		0		
2025-12-23,二	36.00		36.18		35.15		35.18		-2.74%		2.85%		2,113,836	75,025,088	0		0		
2025-12-24,三	34.74		35.55		34.74		35.38		+0.57%		2.30%		993,724		35,045,455	0		0		
2025-12-25,四	35.55		35.82		35.15		35.38		+0.00%		1.89%		1,533,065	54,395,496	0		0		
2025-12-26,五	35.57		35.76		35.00		35.10		-0.79%		2.15%		1,434,537	50,681,328	0		0		
2025-12-29,一	35.11		35.80		34.86		35.29		+0.54%		2.68%		1,558,433	55,010,833	0		0		
2025-12-30,二	35.00		35.58		34.70		35.25		-0.11%		2.49%		1,359,546	47,944,808	0		0		
2025-12-31,三	35.46		36.36		35.00		35.75		+1.42%		3.86%		2,332,611	83,136,579	0		0		

